<Phenotype>
taxa	covariate	covariate	covariate	covariate	covariate
Taxa	PC1	PC2	PC3	PC4	PC5
B001_HKT721_A1_Marathon_F1	32.329655	-4.69016	-27.628656	-1.8554708	-14.51746
B003_HKT721_A2_Diplomat_F1	29.2271	-9.749881	-6.3479214	-1.6921675	-10.08608
B004_HKT721_A3_DuraPak19_F1	30.559488	-4.383057	-17.760246	-1.8345754	-13.294771
B005_HKT721_A4_USVL_048_IBL	32.02925	-3.6231225	-37.0567	-3.170582	-11.641337
B006_HKT721_A5_USVL_131_IBL	30.600025	-6.798561	-22.863987	-1.5811278	11.08699
B011_HKT721_A6_Gypsy_F1	29.58544	-5.859913	-14.938403	1.0338192	-7.25122
B013_HKT721_A7_Lieutenant_F1	33.044384	-7.4778757	-16.578354	-1.0016693	-0.6430101
B014_HKT721_A8_Green_Magic_F1	28.409712	-4.9621444	-15.666375	0.40166926	-6.30853
B015_HKT723_F1_Brogan_F1	28.336779	-4.7329006	-21.002409	-1.649201	-7.0868692
B016_CB5UE6_B11_Green_Harmony_F1	12.09184	19.816652	4.454354	0.847136	19.366928
B017_HKT721_A9_Major_F1	21.39403	-0.713764	4.131957	-1.0272897	6.341392
B021_HKT721_A10_Liberty_F1	31.66049	-3.6251812	-36.634197	-3.4321752	-11.778634
B032_CB5UE6_F1_TO1000_DH	-24.222118	18.52609	-1.6902008	-8.179087	-2.4238486
B047_HKT721_A11_Packman_F1	24.89334	-7.462044	10.705151	0.51406217	10.572491
B054_CB5UE6_E7_De_Cicco_OP	-8.375456	16.974846	4.674645	-8.875514	2.314544
B055_CB5UE6_E8_Costal_OP	-4.977973	42.015995	-5.496765	-1.6420649	10.41197
B093_HKT721_B1_Cavolo_Broccolo_Tardivo_OP	9.04744	0.81389	15.103492	1.1662285	-12.430368
B094_HKT721_B2_Cavolo_Broccolo_Di_Sarno_OP	-23.157076	2.7095003	3.3388233	5.049022	-13.395057
B095_HKT721_B3_Verde_Calabrese_Precoce_OP	17.350561	-2.883904	11.705129	-1.2956879	-18.092806
B096_HKT721_B4_Ramoso_Grande_Precoce_OP	16.01642	-5.6245623	21.785658	-0.51003224	-9.044479
B097_HKT721_B5_Ramoso_Calabrese_OP	15.043614	-5.5553174	20.286697	-0.3877007	-10.820471
B098_HKT721_B6_Cavolo_Broccolo_Natalina_OP	-8.68353	47.5313	-6.66275	2.0814307	5.460299
B099_HKT721_B7_Cavolo_Broccolo_Frevarota_OP	-9.64903	48.83805	-8.228854	0.6629213	6.3832116
B100_HKT721_B8_Cavolo_Broccolo_Marzullo_OP	-9.614521	48.45958	-7.2568135	1.0042481	6.355443
B101_HKT721_B9_Cavolo_Broccolo_Invernale_Type_A_OP	-22.188341	18.774992	4.753137	7.875353	-10.050819
B102_HKT721_B10_Ramoso_Calabrese_OP	16.398964	-2.8953838	11.722154	-1.3851256	-18.83944
B103_HKT721_B11_Broccolo_Verde_Di_Calabria_Precocissimo_OP	2.9700794	-1.2200174	15.880211	2.1431723	-14.058591
B104_HKT721_B12_Cavolo_Zolfino_OP	-20.445765	12.101891	-0.6970495	0.45846024	-4.1809454
B105_HKT721_C1_Precoce_Di_Calabria_Tipo_Esportazione_OP	3.2342873	-0.64596593	18.596615	2.2315502	-12.8995285
B106_HKT721_C2_Picolini_Di_Palermo_OP	-21.211477	18.06356	4.4934916	11.338344	-5.126665
B107_HKT721_C3_Ramoso_Calabria_Mezzo_Precoce_OP	5.3218455	6.755631	10.324383	1.7351567	-19.371311
B108_HKT721_C4_Verde_Calabrese_OP	19.106258	-1.2397873	7.3663015	-0.26060468	-14.436258
B109_HKT721_C5_Ramoso_Calabrese_Verde_OP	18.537397	-2.540299	9.425517	-1.745877	-18.165066
B110_HKT721_C6_Verde_Calabrese_OP	5.11303	-1.1598595	14.532088	1.5370984	-14.266765
B111_HKT721_C7_Natalino_Di_Napoli_OP	-25.590448	2.4434936	4.9913645	6.463325	-13.912705
B112_HKT721_C8_Cavolo_Broccolo_Settembrina_OP	-10.645341	49.680466	-6.646971	0.38513875	5.0511684
B113_HKT721_C9_Broccolo_Innorota_gennorota_OP	-12.969009	44.39332	-5.293102	2.6266518	4.612748
B114_HKT721_C10_Cavolo_Broccolo_OP	-21.55566	17.684887	4.382313	12.988527	-8.960313
B115_HKT721_C11_Broccolo_Ramoso_Di_Calabria_OP	8.606088	2.5140843	15.697601	-1.6005734	-14.930289
B116_HKT721_C12_Broccolo_OP	-25.684925	0.7957263	6.1342616	3.140049	-4.9249916
B117_HKT721_D1_Natalisa_Ciurietti_OP	-10.709986	32.44623	-4.579231	1.7386568	6.6683936
B118_HKT721_D2_Broccolo_D_estate_OP	-16.280025	27.47535	1.8313885	11.0699005	-2.4101007
B119_HKT721_D3_Broccolo_Natalino_OP	-19.59156	21.735992	6.465089	9.271073	-6.3305273
B120_HKT721_D4_Broccolo_Apriloto_OP	-16.782614	29.312199	1.7850815	9.00839	-5.3209085
B121_HKT721_D5_Maialora_OP	-10.986378	34.085884	-3.1162088	2.9445667	6.2704577
B122_HKT721_D6_Ramoso_Calabrese_OP	8.176919	3.752755	15.77934	-0.021175848	-12.357531
B123_HKT721_D7_Ramoso_Calabrese_OP	15.905432	-2.5585659	21.2757	-1.9972035	-9.792718
B124_HKT721_D8_Ramoso_Calabrese_Precoce_OP	18.295244	-2.3209896	22.814838	-2.0996258	-5.0727286
B125_HKT721_D9_Ramoso_Atlantic_Local_OP	17.487362	-3.6031725	23.36383	-1.8017303	-10.139004
B126_HKT721_D10_Ramoso_Calabrese_OP	16.811346	-6.4041133	19.118351	-0.4258715	-5.5893097
B127_HKT721_D11_Ramoso_Calabrese_Precoce_OP	-21.72382	4.5248537	3.4596708	5.9956694	-12.644235
B128_HKT721_D12_Broccolo_Natalino_Di_Sarno_OP	-20.447779	3.3803022	2.896749	6.931145	-12.53564
B129_HKT721_E1_Ramoso_Calabria_Tardivo_OP	4.4581676	3.4074786	12.704962	1.7910582	-19.30615
B130_HKT721_E2_Cavolo_Broccolo_Agostina_OP	-9.3259115	48.177845	-5.863775	1.8364624	5.8421035
B131_HKT721_E3_Broccolo_Verde_Di_Calabria_Tardivo_OP	4.3217034	3.609134	13.042674	0.11597686	-18.631971
B132_HKT721_E4_Precoce_Di_Calabria_OP	8.1736555	1.4416088	15.048515	1.6882359	-9.824522
B133_HKT721_E5_Ramoso_Calabrese_OP	19.732527	-1.7977076	2.8132136	0.09750033	-21.148003
B134_HKT721_E6_Cavolo_Sparacello_OP	-20.975914	15.604327	4.192782	10.992933	-8.315269
B135_HKT721_E7_N_tagliu_N_tagghiv_Pilotu_OP	-16.983585	30.010422	4.097494	9.202692	-7.2936172
B136_HKT721_E8_Ramoso_Calabrese_Verde_OP	18.446867	-6.526321	11.339133	5.029744	-5.2081504
B137_HKT721_E9_Ramoso_Calabrese_Precoce_OP	16.777636	-2.0081863	24.272095	-3.4343126	-9.84492
B138_HKT721_E10_Broccolo_No_1_OP	-26.337664	1.1612071	7.6863165	4.906439	-6.6103673
B139_HKT721_E11_Di_Sicilia_Catanese_OP	-8.407651	39.94287	-7.8698416	-0.54071325	3.7466621
B141_HKT721_F1_BH028_F1	20.771557	-3.0607963	13.854615	-9.367952E-4	10.545087
B142_HKT721_F2_BH034_F1	23.865978	-8.882268	6.1357327	-2.5065007	14.761721
B143_HKT721_F3_BH027_F1	20.908686	-8.058992	10.634859	-0.16291443	22.464827
B144_HKT721_F4_BC1691_F1	30.549656	-4.332029	-25.243692	-1.9326094	-6.140956
B145_HKT721_G6_BC1764_F1	29.85088	-5.220305	-18.302475	-1.1203842	-4.32185
B146_HKT721_F6_Montvert_F1	29.19843	-9.970819	-5.740528	1.0341561	9.710957
B147_HKT721_F7_DuraPak_16_F1	31.393955	-3.8275356	-19.356356	-2.2516057	-13.482846
B148_HKT721_F8_Burney_F1	28.186497	-10.97434	-12.13919	4.337127	3.0727813
B150_HKT721_F10_Eastern_Crown_F1	25.547873	-7.8280277	-7.478988	-1.7136042	-7.0227275
B151_HKT721_F11_Imperial_F1	27.896381	-8.678585	-1.2471645	-2.489114	-4.36753
B152_HKT721_F12_Emerald_Crown_F1	25.8449	-3.02741	-10.327768	-0.24519685	-0.8058515
B153_HKT721_G1_Everest_F1	29.034296	-7.6931887	-2.4733734	1.1656685	13.781547
B154_HKT721_G2_BH019_F1	23.079962	-8.996779	15.109193	2.5488825	22.66067
B155_HKT721_G3_BH020_F1	29.553926	-4.483743	-11.742672	0.97140276	3.7061815
B156_HKT721_G4_BH026_F1	25.443998	-6.3557158	10.1281595	0.53191113	17.163488
B159_HKT721_G7_BH044_F1	25.109882	-7.160423	7.484681	1.8024634	24.67828
B161_HKT721_G9_USVL112_IBL	19.21519	-10.575739	15.966731	0.3783828	21.738003
B163_HKT721_G11_P1A_IBL	11.444272	1.2979181	4.2931256	-3.097694	14.877549
B164_HKT721_G12_P8_IBL	20.924334	-0.90780985	1.8808256	-0.71393466	1.2573043
B165_HKT721_H1_P9_IBL	19.042921	-6.0547657	2.2735498	-4.260046	24.50724
B166_HKT721_H2_P13_IBL	14.540216	0.62138015	15.50414	-0.889937	23.47071
B167_HKT721_H3_P19_IBL	20.414782	9.047221	6.1764746	-3.0522711	1.6338788
B168_HKT721_H4_S446_IBL	23.651073	-5.237236	14.332809	4.581416	18.347622
B169_HKT721_H5_S454_IBL	21.376572	-11.043495	25.024778	4.6299114	18.277746
B170_HKT721_H6_S462_IBL	20.99125	-10.444641	22.751453	3.537234	18.967627
B171_HKT721_H7_S475_IBL	22.85928	0.07482037	0.98115826	3.1110265	12.333124
B172_HKT721_H8_USVL_Hopkins_IBL	10.1351	-0.47190583	16.805183	-1.7828466	-11.123032
B173_HKT721_H9_USVL_089_IBL	29.185135	-6.4185266	-3.273541	-0.5209564	16.329376
B174_HKT721_H10_USVL_012_IBL	28.665287	-6.263303	2.958883	1.0736276	20.45639
B175_HKT721_H11_USVL_012_IBL	29.594465	-6.795815	-22.085005	-1.3853703	10.62072
B176_HKT721_H12_USVL_043_IBL	27.476881	1.5056759	-15.530984	-2.8800292	0.2022406
B181_HKT723_A5_Green_Numen_F1	26.130358	-5.6546636	-4.860869	1.1790828	10.669235
B182_HKT723_A6_Green_Elegance_F1	24.67516	-7.874807	16.120506	-0.16158962	10.907667
B183_HKT723_A7_White_Coral_F1	-3.031171	39.63684	-6.227822	-2.2593389	11.457257
B187_CB5UE6_F9_Clara	19.434542	7.253124	-11.429938	0.034210045	3.3874214
B187_HKT723_A11_Clara_F1	12.795561	17.486956	-4.0260367	0.8054379	11.484981
B189_HKT723_B1_EMBR934_UNK	24.429691	-4.511218	-13.876062	-1.2247784	-5.29193
B190_HKT723_B2_EMBR958_UNK	20.86145	-3.326376	-0.5650069	-2.947399	1.8420837
B191_HKT723_B3_Waltham_29_OP	19.505129	-7.8947377	15.76713	1.6675671	-8.373805
B192_HKT723_B4_Premium_Crop_F1	23.174314	-6.012474	7.687273	2.790884	6.571556
B193_HKT723_B5_TBR_130_UNK	31.962955	-6.8926806	-15.236727	-1.3388445	0.063055694
B194_HKT723_B6_Corato_F1	28.260323	-7.6286893	-11.002271	0.1254714	-1.8369935
B195_HKT723_B7_Belstar_F1	31.230003	-9.132027	-21.77531	0.9146687	-5.5847664
B196_HKT723_B8_Power_Dome_F1	27.07457	-3.4933496	-2.7253523	1.6578354	14.423576
B198_HKT723_B10_Fiesta_F1	31.784328	-6.1606674	-26.055328	-0.6376593	-17.452404
B200_HKT723_B12_Blue_Wind_F1	23.789984	-5.818602	7.6447787	-1.3171964	6.516461
B203_HKT723_C3_Calabrese_OP	-3.1126637	-7.6842976	7.684742	5.980057	-6.86626
B204_HKT723_C4_Cavolo_Broccoli_Ramoso_Calabrese_OP	20.74814	-7.740242	15.960995	1.9787314	-7.429943
B205_HKT723_C5_Cavolo_Broccoli_Ramoso_Calabrese_OP	19.20623	-9.643991	14.282797	2.1302207	-8.465281
B206_HKT723_C6_Covina_F1	29.582918	-6.8313766	-22.89505	0.20140603	-3.7315605
B210_HKT723_C10_Cavolfiore_Romanesco_Precoce_OP	-13.50715	14.313134	2.9525843	2.3072543	5.4611955
B211_HKT723_C11_Gianfranco_Fuscello_Spiagariello_Lisco_OP	-23.455814	-0.29112026	8.481462	8.148272	-11.073121
B212_HKT723_C12_Cavolo_Broccolo_Spigariello_OP	-21.84181	-1.216053	9.157077	8.616753	-8.152007
B214_HKT723_D2_Athlete_F1	29.632893	-3.6753297	-21.78526	-2.9892883	-8.998646
B215_HKT723_D3_Monflor_F1	23.054832	-5.387446	4.1746306	3.133675	13.426772
B216_HKT723_D4_Burgundy_F1	-3.3062375	22.972929	-12.925646	-0.0063135168	-2.2534916
B218_HKT721_A12_Ironman_F1	30.169416	-3.762427	-15.542329	-0.9416079	1.3484292
B219_HKT721_G5_Emerald_Jewel_F1	33.67336	-9.430026	-15.505542	1.1148876	-0.9498624
B221_HKT721_G8_Heritage_F1	31.738804	-4.089177	-22.271465	-1.7679526	-14.729765
B222_HKT723_B9_Baccus_F1	20.356516	-5.944503	13.092015	3.4605372	11.942214
B223_HKT723_C7_Sabre_F1	27.708101	-9.378222	-12.924062	1.9050696	-8.213742
B224_HKT723_C2_Saga_F1	25.12198	-5.8545694	6.3607435	-1.315566	3.048117
B225_HKT723_D6_Coronado_Crown_F1	26.766088	-2.106237	-12.85273	-0.92480063	-9.216456
B226_HKT723_E4_General_F1	25.405754	-5.687935	-1.9091493	-0.77385557	1.8640648
B227_HKT723_E5_Asteroid_F1	28.8237	-7.7271633	-6.558533	0.02546621	1.3003684
B228_HKT721_G10_BH034_F1	23.555073	-8.539516	5.9764647	-2.3489826	14.041934
B229_HKT723_F2_CA25_Nedcha_DJ7032_DH	-0.112590365	41.068825	-5.6045985	-3.076453	7.3682632
B231_HKT723_F4_P13cms_x_P19_F1	18.236374	4.8091483	11.105429	-2.120675	12.535439
B232_HKT723_A2_Jade_Cross_Brussels_Sprouts_F1	-40.13021	-16.468725	-6.3604784	-20.884548	2.24544
B233_HKT723_C8_Golden_Acre_OP_cabbage	-39.69827	-7.913919	-2.4962583	-19.6198	9.047742
B234_HKT723_C9_Dwarf_Curled_OP_Kale	-40.077583	-12.788727	-4.571456	6.2632294	0.06341115
B235_HKT721_F5_Bedfordshire_Group_UNK	-41.70922	-12.573327	-2.2090752	-18.578001	3.7012482
B257_CB5UE6_F7_Early_Big_DH	16.248882	-7.4532995	27.849936	-6.742642	-3.279024
B257_CB5UW7_A2_Early_Big_DH	14.570704	-6.8690786	22.981243	-5.991493	-2.892865
B257_HKT723_D5_Early_Big_DH	16.111307	-7.169485	26.498816	-6.464441	-3.0269184
B258_CB5UE6_F8_Shining_Jean	13.983569	23.70355	-4.93065	-1.0764346	9.075569
B261_HKT723_C1_De_Cicco_OP	19.282393	-4.837294	12.030319	1.2242742	-8.176199
B330_HKT723_F3_AC498_Gower_GK20311b_DH	-41.989185	-14.144154	-5.6614857	-24.842506	0.37521073
H001_CB5UE6_B12_Darkibor_F1	-42.82895	-14.763425	-7.770717	8.578747	0.4748761
H004_CB5UE6_C2_NerodiToscano_OP	-28.807812	-2.6199613	2.4022498	3.7163677	-3.787821
H005_CB5UE6_C3_TopBunch_F1	-39.75947	-9.185693	-2.0107365	-11.634366	2.6552908
H006_CB5UE6_C4_Champion_OP	-39.494156	-7.05313	-1.196816	-16.386368	3.1914873
H008_CB5UE6_C6_Kolibri	-29.484188	-5.666713	2.3919861	1.3202887	-4.645749
H009_CB5UE6_C7_Diablo_F1	-44.996502	-18.821146	-7.3789287	-23.058186	5.4154315
H010_CB5UE6_C8_BlackMagic	-29.851473	-3.2043352	1.4233999	3.1005144	-5.1415906
H011_CB5UE6_C9_Kossak_F1	-28.566793	-0.45746532	4.9347405	-3.661257	-9.560389
H012_CB5UE6_C10_AzureStar	-29.783375	-3.3137836	5.1513968	0.21104428	-10.695546
H013_CB5UE6_C11_Redbor_F1	-41.916912	-17.117128	-9.451306	9.530807	-5.9688554
H014_CB5UE6_C12_BalticRed_OP	-41.19905	-18.062775	-8.748945	12.574427	-4.8450513
H015_CB5UE6_D1_CurlyRoja_OP	-41.732998	-18.524761	-8.782485	13.614595	-7.3039937
H016_CB5UE6_D2_Rubine_OP	-46.3433	-17.246744	-6.5837936	-25.439396	4.8011413
H017_CB5UE6_D3_Falstaf_OP	-45.249054	-16.30426	-5.9541936	-27.2105	4.8468413
H018_CB5UE6_D4_Redbull_OP	-44.65944	-15.198602	-5.3627534	-26.148167	2.7962804
H019_CB5UE6_D5_Futurima_F1	-38.13303	-7.696628	-3.06889	-24.290794	11.35698
H020_CB5UE6_D6_G30902_IBL	-38.045074	-8.722105	-3.8000274	-24.960016	13.286882
H021_CB5UE6_D7_RedExpress_OP	-39.632637	-8.719542	-3.3599129	-25.309526	10.412826
H024_CB5UE6_D10_16KG088_GoldenChinesekale	-25.310392	14.110838	-2.4742398	-8.079139	-3.201357
H045_CB5UE6_H1_Califlower_White_Amazing_OP	-2.6035318	44.067806	-7.368625	-2.3735452	9.097946
H046_CB5UE6_H2_Red_Bull_B_Sprouts	-43.68728	-15.388782	-5.7442303	-26.236414	4.8626246
H047_CB5UE6_H3_Port_Tronc_Beira	-26.158295	10.044864	5.0722184	-6.7847095	-3.805505
H048_CB5UE6_H4_Diablo_F1	-45.3282	-19.52334	-7.042541	-23.767902	5.4392614
H051_CB5UE6_H7_White_Quickstar_Kohlrabi	-30.833807	-3.479487	7.793712	1.1050363	-9.030893
H052_CB5UE6_H8_Redbore_F1	-45.01171	-20.308401	-11.684882	16.925005	-7.8988705
H053_CB5UE6_H9_Redbore_F1	-46.033886	-16.664629	-7.86378	8.946083	-0.42118865
H056_CB5UE6_H12_Roja_Curly_Kale	-45.135323	-20.00098	-9.565021	14.226793	-7.5330844
H079_HKT723_H5_Champion_S2	-39.274364	-8.623643	-1.6005877	-15.534187	1.1417341
H080_HKT723_H6_Beira_Johnnys	-25.10593	9.496838	4.833833	-6.499983	-3.2997422
H081_HKT723_H7_Simlaw_Collard_UNK	-35.90873	-3.2726543	-0.47241402	-6.3065834	0.9734229
H082_HKT723_H8_EASeed_Collard	-37.244804	-5.3765383	0.6589604	-7.118224	2.1634202
H083_HKT723_H9_Gromost_GeorgiaCollards	-41.00505	-6.887069	-1.1838853	-17.337358	4.1346984
H084_HKT723_H10_SafariSeeds_ThousandHead	-35.657192	-4.500171	-1.0214438	3.5298314	0.8044788
H085_HKT723_H11_Syova_Mfalme_OP	-30.457722	-5.255292	0.6171372	-5.8303084	3.9291866
H086_HKT723_H12_SeedCo_SouthernGeorgia	-38.711754	-4.393884	1.9782479	-2.5542233	-0.22829013
W001_CB5UE6_B5_W001_WT_A	-43.400543	-24.981003	-9.20028	49.55019	17.543251
W002_CB5UE6_B6_W002_WT	-27.666243	-0.780131	-4.457028	14.4301815	4.23904
W003_CB5UE6_B7_W003_WT	-27.718477	-0.2930417	-3.736607	15.055127	4.736292
W004_CB5UE6_B8_W004_WT	-44.41467	-24.26388	-9.814223	42.880363	15.035931
W005_CB5UE6_B9_W005_WT	-43.348114	-22.297796	-7.876037	47.427055	11.423113
W006_CB5UE6_B10_W006_WT	-44.3377	-26.070477	-9.655368	50.931973	16.961046
