PC	eigenvalue	proportion of total	cumulative proportion
0	729.93561	0.14553	0.14553
1	240.56161	0.04796	0.19349
2	154.51613	0.03081	0.2243
3	118.21877	0.02357	0.24787
4	110.12396	0.02196	0.26982
5	92.01492	0.01835	0.28817
6	86.44833	0.01724	0.3054
7	77.3778	0.01543	0.32083
8	74.68705	0.01489	0.33572
9	72.65235	0.01448	0.35021
10	64.89549	0.01294	0.36314
11	64.03111	0.01277	0.37591
12	61.07724	0.01218	0.38809
13	59.28226	0.01182	0.39991
14	57.78463	0.01152	0.41143
15	55.56045	0.01108	0.42251
16	52.0877	0.01038	0.43289
17	49.76817	0.00992	0.44281
18	48.50933	0.00967	0.45248
19	46.68899	0.00931	0.46179
20	44.71127	0.00891	0.47071
21	44.16303	0.0088	0.47951
22	42.3742	0.00845	0.48796
23	40.35816	0.00805	0.49601
24	39.16271	0.00781	0.50381
25	37.89387	0.00756	0.51137
26	37.58807	0.00749	0.51886
27	35.44134	0.00707	0.52593
28	34.79915	0.00694	0.53287
29	33.52425	0.00668	0.53955
30	32.22375	0.00642	0.54598
31	32.17835	0.00642	0.55239
32	31.07177	0.00619	0.55859
33	30.85421	0.00615	0.56474
34	30.34501	0.00605	0.57079
35	29.01186	0.00578	0.57657
36	28.78421	0.00574	0.58231
37	27.92831	0.00557	0.58788
38	27.34207	0.00545	0.59333
39	26.80899	0.00534	0.59867
40	26.29443	0.00524	0.60392
41	25.65262	0.00511	0.60903
42	3.75689	7.4902E-4	0.60978
43	24.97699	0.00498	0.61476
44	4.1587	8.2913E-4	0.61559
45	4.39707	8.7666E-4	0.61647
46	24.35846	0.00486	0.62132
47	24.32444	0.00485	0.62617
48	24.13511	0.00481	0.63098
49	23.92801	0.00477	0.63575
50	23.58529	0.0047	0.64046
51	23.42317	0.00467	0.64513
52	5.0861	0.00101	0.64614
53	22.86858	0.00456	0.6507
54	22.5379	0.00449	0.65519
55	22.34141	0.00445	0.65965
56	21.91849	0.00437	0.66402
57	21.75074	0.00434	0.66835
58	21.62286	0.00431	0.67267
59	6.24345	0.00124	0.67391
60	21.28135	0.00424	0.67815
61	21.13581	0.00421	0.68237
62	21.01995	0.00419	0.68656
63	20.80971	0.00415	0.69071
64	6.48827	0.00129	0.692
65	6.54115	0.0013	0.6933
66	6.69887	0.00134	0.69464
67	6.84638	0.00136	0.69601
68	6.9649	0.00139	0.69739
69	7.08523	0.00141	0.69881
70	7.13362	0.00142	0.70023
71	20.42689	0.00407	0.7043
72	7.31007	0.00146	0.70576
73	7.47543	0.00149	0.70725
74	20.07469	0.004	0.71125
75	19.95705	0.00398	0.71523
76	7.80709	0.00156	0.71679
77	19.76006	0.00394	0.72073
78	19.74433	0.00394	0.72466
79	19.56412	0.0039	0.72856
80	7.93138	0.00158	0.73014
81	7.96565	0.00159	0.73173
82	8.09284	0.00161	0.73335
83	19.39736	0.00387	0.73721
84	8.23332	0.00164	0.73886
85	19.26262	0.00384	0.7427
86	19.17328	0.00382	0.74652
87	8.47249	0.00169	0.74821
88	8.51132	0.0017	0.7499
89	19.01163	0.00379	0.75369
90	18.84618	0.00376	0.75745
91	18.75495	0.00374	0.76119
92	8.68157	0.00173	0.76292
93	18.63799	0.00372	0.76664
94	18.4655	0.00368	0.77032
95	18.38338	0.00367	0.77399
96	18.25671	0.00364	0.77763
97	8.92698	0.00178	0.7794
98	18.14751	0.00362	0.78302
99	17.96737	0.00358	0.78661
100	17.80749	0.00355	0.79016
101	17.75785	0.00354	0.7937
102	17.51398	0.00349	0.79719
103	17.36318	0.00346	0.80065
104	17.24726	0.00344	0.80409
105	9.14171	0.00182	0.80591
106	9.18323	0.00183	0.80774
107	17.00094	0.00339	0.81113
108	16.91023	0.00337	0.8145
109	9.40669	0.00188	0.81638
110	9.44643	0.00188	0.81826
111	9.62688	0.00192	0.82018
112	16.689	0.00333	0.82351
113	16.64614	0.00332	0.82683
114	16.563	0.0033	0.83013
115	16.37142	0.00326	0.83339
116	16.24933	0.00324	0.83663
117	16.17378	0.00322	0.83986
118	15.98015	0.00319	0.84304
119	15.9244	0.00317	0.84622
120	9.88153	0.00197	0.84819
121	9.95043	0.00198	0.85017
122	15.70892	0.00313	0.8533
123	10.05599	0.002	0.85531
124	15.5787	0.00311	0.85842
125	15.50243	0.00309	0.86151
126	10.11402	0.00202	0.86352
127	15.34153	0.00306	0.86658
128	15.22579	0.00304	0.86962
129	15.08963	0.00301	0.87263
130	10.327	0.00206	0.87468
131	14.96561	0.00298	0.87767
132	14.85767	0.00296	0.88063
133	10.4248	0.00208	0.88271
134	10.49115	0.00209	0.8848
135	14.6219	0.00292	0.88772
136	14.58594	0.00291	0.89062
137	14.53691	0.0029	0.89352
138	10.61871	0.00212	0.89564
139	10.6943	0.00213	0.89777
140	10.7575	0.00214	0.89992
141	10.8162	0.00216	0.90207
142	14.32651	0.00286	0.90493
143	14.20317	0.00283	0.90776
144	14.14305	0.00282	0.91058
145	14.05825	0.0028	0.91338
146	10.98818	0.00219	0.91557
147	11.07087	0.00221	0.91778
148	11.13228	0.00222	0.92
149	11.16732	0.00223	0.92223
150	11.22483	0.00224	0.92446
151	13.91544	0.00277	0.92724
152	13.79762	0.00275	0.92999
153	13.75327	0.00274	0.93273
154	13.72218	0.00274	0.93547
155	13.60117	0.00271	0.93818
156	11.37614	0.00227	0.94045
157	11.43022	0.00228	0.94273
158	11.5778	0.00231	0.94503
159	13.44375	0.00268	0.94771
160	11.63753	0.00232	0.95004
161	11.78546	0.00235	0.95238
162	11.81616	0.00236	0.95474
163	13.30631	0.00265	0.95739
164	13.23525	0.00264	0.96003
165	13.13003	0.00262	0.96265
166	13.0913	0.00261	0.96526
167	12.96683	0.00259	0.96785
168	12.93192	0.00258	0.97042
169	12.89618	0.00257	0.97299
170	12.71055	0.00253	0.97553
171	11.96946	0.00239	0.97792
172	12.01622	0.0024	0.98031
173	12.10655	0.00241	0.98272
174	12.07792	0.00241	0.98513
175	12.23105	0.00244	0.98757
176	12.59888	0.00251	0.99008
177	12.54424	0.0025	0.99258
178	12.4682	0.00249	0.99507
179	12.37091	0.00247	0.99754
180	12.35638	0.00246	1
181	9.7205E-28	1.938E-31	1
